conj3_20_15_4_Lr0.1_Epo100: [0.08144545555114746, 0.08106721937656403]
conj3_20_15_4_Lr0.1_Epo200: [0.08152775466442108, 0.08115892857313156]
